0.000000000000000000e+00 2.412060301507537585e-01 2.914572864321607892e-01 4.673366834170854522e-01
1.000000000000000056e-01 2.466960352422907510e-01 3.039647577092510766e-01 4.493392070484581446e-01
2.000000000000000111e-01 2.434782608695652273e-01 3.391304347826086807e-01 4.173913043478260643e-01
3.000000000000000444e-01 2.850241545893719697e-01 3.429951690821256283e-01 3.719806763285024021e-01
4.000000000000000222e-01 3.098591549295774406e-01 3.239436619718309984e-01 3.661971830985915610e-01
5.000000000000000000e-01 3.393939393939394145e-01 3.636363636363636465e-01 2.969696969696969946e-01
6.000000000000000888e-01 3.680981595092024383e-01 3.374233128834355777e-01 2.944785276073619840e-01
7.000000000000000666e-01 3.121693121693121520e-01 3.386243386243386055e-01 3.492063492063491870e-01
8.000000000000000444e-01 4.082840236686390289e-01 2.958579881656804855e-01 2.958579881656804855e-01
9.000000000000000222e-01 4.692737430167597812e-01 2.793296089385474690e-01 2.513966480446927498e-01
1.000000000000000000e+00 4.230769230769230727e-01 3.461538461538461453e-01 2.307692307692307820e-01
1.100000000000000089e+00 4.857142857142857095e-01 2.476190476190476275e-01 2.666666666666666630e-01
1.200000000000000178e+00 4.770642201834862650e-01 2.935779816513761631e-01 2.293577981651376274e-01
1.300000000000000044e+00 6.194690265486725300e-01 2.123893805309734484e-01 1.681415929203539938e-01
1.400000000000000133e+00 5.333333333333333259e-01 2.999999999999999889e-01 1.666666666666666574e-01
1.500000000000000000e+00 4.747474747474747514e-01 3.737373737373737570e-01 1.515151515151515194e-01
1.600000000000000089e+00 6.417910447761193682e-01 2.686567164179104461e-01 8.955223880597014408e-02
1.700000000000000178e+00 6.231884057971014412e-01 2.753623188405797118e-01 1.014492753623188470e-01
1.800000000000000044e+00 6.363636363636363535e-01 2.181818181818181712e-01 1.454545454545454475e-01
1.900000000000000133e+00 6.999999999999999556e-01 1.499999999999999944e-01 1.499999999999999944e-01
2.000000000000000000e+00 6.739130434782608647e-01 2.173913043478260809e-01 1.086956521739130405e-01
2.100000000000000089e+00 6.969696969696970168e-01 1.818181818181818232e-01 1.212121212121212155e-01
2.200000000000000178e+00 7.692307692307692735e-01 1.923076923076923184e-01 3.846153846153846367e-02
2.300000000000000266e+00 7.500000000000000000e-01 2.187500000000000000e-01 3.125000000000000000e-02
2.400000000000000355e+00 7.142857142857143016e-01 1.428571428571428492e-01 1.428571428571428492e-01
2.500000000000000000e+00 6.666666666666666297e-01 2.857142857142856984e-01 4.761904761904761640e-02
2.600000000000000089e+00 6.666666666666666297e-01 1.428571428571428492e-01 1.904761904761904656e-01
2.700000000000000178e+00 7.647058823529411242e-01 1.764705882352941291e-01 5.882352941176470507e-02
2.800000000000000266e+00 8.499999999999999778e-01 1.000000000000000056e-01 5.000000000000000278e-02
2.900000000000000355e+00 9.090909090909090606e-01 9.090909090909091161e-02 0.000000000000000000e+00
3.000000000000000000e+00 7.692307692307692735e-01 1.538461538461538547e-01 7.692307692307692735e-02
3.100000000000000089e+00 8.125000000000000000e-01 1.250000000000000000e-01 6.250000000000000000e-02
3.200000000000000178e+00 6.428571428571429047e-01 2.857142857142856984e-01 7.142857142857142461e-02
3.300000000000000266e+00 1.000000000000000000e+00 0.000000000000000000e+00 0.000000000000000000e+00
3.400000000000000355e+00 7.777777777777777901e-01 2.222222222222222099e-01 0.000000000000000000e+00
3.500000000000000000e+00 8.888888888888888395e-01 1.111111111111111049e-01 0.000000000000000000e+00
3.600000000000000089e+00 8.571428571428570953e-01 1.428571428571428492e-01 0.000000000000000000e+00
3.700000000000000178e+00 8.000000000000000444e-01 0.000000000000000000e+00 2.000000000000000111e-01
3.800000000000000266e+00 8.888888888888888395e-01 0.000000000000000000e+00 1.111111111111111049e-01
3.900000000000000355e+00 1.000000000000000000e+00 0.000000000000000000e+00 0.000000000000000000e+00
4.000000000000000000e+00 7.500000000000000000e-01 2.500000000000000000e-01 0.000000000000000000e+00
4.100000000000000533e+00 1.000000000000000000e+00 0.000000000000000000e+00 0.000000000000000000e+00
4.200000000000000178e+00 1.000000000000000000e+00 0.000000000000000000e+00 0.000000000000000000e+00
4.299999999999999822e+00 1.000000000000000000e+00 0.000000000000000000e+00 0.000000000000000000e+00
4.400000000000000355e+00 1.000000000000000000e+00 0.000000000000000000e+00 0.000000000000000000e+00
4.500000000000000000e+00 1.000000000000000000e+00 0.000000000000000000e+00 0.000000000000000000e+00
4.600000000000000533e+00 8.571428571428570953e-01 1.428571428571428492e-01 0.000000000000000000e+00
4.700000000000000178e+00 1.000000000000000000e+00 0.000000000000000000e+00 0.000000000000000000e+00
4.800000000000000711e+00 1.000000000000000000e+00 0.000000000000000000e+00 0.000000000000000000e+00
4.900000000000000355e+00 1.000000000000000000e+00 0.000000000000000000e+00 0.000000000000000000e+00
5.000000000000000000e+00 1.000000000000000000e+00 0.000000000000000000e+00 0.000000000000000000e+00
5.100000000000000533e+00 1.000000000000000000e+00 0.000000000000000000e+00 0.000000000000000000e+00
5.200000000000000178e+00 1.000000000000000000e+00 0.000000000000000000e+00 0.000000000000000000e+00
5.300000000000000711e+00 1.000000000000000000e+00 0.000000000000000000e+00 0.000000000000000000e+00
5.400000000000000355e+00 1.000000000000000000e+00 0.000000000000000000e+00 0.000000000000000000e+00
5.500000000000000000e+00 1.000000000000000000e+00 0.000000000000000000e+00 0.000000000000000000e+00
5.600000000000000533e+00 1.000000000000000000e+00 0.000000000000000000e+00 0.000000000000000000e+00
5.700000000000000178e+00 1.000000000000000000e+00 0.000000000000000000e+00 0.000000000000000000e+00
5.800000000000000711e+00 1.000000000000000000e+00 0.000000000000000000e+00 0.000000000000000000e+00
5.900000000000000355e+00 1.000000000000000000e+00 0.000000000000000000e+00 0.000000000000000000e+00
6.000000000000000000e+00 1.000000000000000000e+00 0.000000000000000000e+00 0.000000000000000000e+00
6.100000000000000533e+00 1.000000000000000000e+00 0.000000000000000000e+00 0.000000000000000000e+00
6.200000000000000178e+00 1.000000000000000000e+00 0.000000000000000000e+00 0.000000000000000000e+00
6.300000000000000711e+00 1.000000000000000000e+00 0.000000000000000000e+00 0.000000000000000000e+00
6.400000000000000355e+00 1.000000000000000000e+00 0.000000000000000000e+00 0.000000000000000000e+00
6.500000000000000000e+00 1.000000000000000000e+00 0.000000000000000000e+00 0.000000000000000000e+00
6.600000000000000533e+00 1.000000000000000000e+00 0.000000000000000000e+00 0.000000000000000000e+00
6.700000000000000178e+00 1.000000000000000000e+00 0.000000000000000000e+00 0.000000000000000000e+00
6.800000000000000711e+00 1.000000000000000000e+00 0.000000000000000000e+00 0.000000000000000000e+00
6.900000000000000355e+00 1.000000000000000000e+00 0.000000000000000000e+00 0.000000000000000000e+00
7.000000000000000000e+00 1.000000000000000000e+00 0.000000000000000000e+00 0.000000000000000000e+00
7.100000000000000533e+00 1.000000000000000000e+00 0.000000000000000000e+00 0.000000000000000000e+00
7.200000000000000178e+00 1.000000000000000000e+00 0.000000000000000000e+00 0.000000000000000000e+00
7.300000000000000711e+00 1.000000000000000000e+00 0.000000000000000000e+00 0.000000000000000000e+00
7.400000000000000355e+00 1.000000000000000000e+00 0.000000000000000000e+00 0.000000000000000000e+00
7.500000000000000000e+00 1.000000000000000000e+00 0.000000000000000000e+00 0.000000000000000000e+00
7.600000000000000533e+00 1.000000000000000000e+00 0.000000000000000000e+00 0.000000000000000000e+00
7.700000000000000178e+00 1.000000000000000000e+00 0.000000000000000000e+00 0.000000000000000000e+00
7.800000000000000711e+00 1.000000000000000000e+00 0.000000000000000000e+00 0.000000000000000000e+00
7.900000000000000355e+00 1.000000000000000000e+00 0.000000000000000000e+00 0.000000000000000000e+00
8.000000000000000000e+00 1.000000000000000000e+00 0.000000000000000000e+00 0.000000000000000000e+00
8.099999999999999645e+00 1.000000000000000000e+00 0.000000000000000000e+00 0.000000000000000000e+00
8.200000000000001066e+00 1.000000000000000000e+00 0.000000000000000000e+00 0.000000000000000000e+00
8.300000000000000711e+00 1.000000000000000000e+00 0.000000000000000000e+00 0.000000000000000000e+00
8.400000000000000355e+00 1.000000000000000000e+00 0.000000000000000000e+00 0.000000000000000000e+00
8.500000000000000000e+00 1.000000000000000000e+00 0.000000000000000000e+00 0.000000000000000000e+00
8.599999999999999645e+00 1.000000000000000000e+00 0.000000000000000000e+00 0.000000000000000000e+00
8.700000000000001066e+00 1.000000000000000000e+00 0.000000000000000000e+00 0.000000000000000000e+00
8.800000000000000711e+00 1.000000000000000000e+00 0.000000000000000000e+00 0.000000000000000000e+00
8.900000000000000355e+00 1.000000000000000000e+00 0.000000000000000000e+00 0.000000000000000000e+00
9.000000000000000000e+00 1.000000000000000000e+00 0.000000000000000000e+00 0.000000000000000000e+00
9.099999999999999645e+00 1.000000000000000000e+00 0.000000000000000000e+00 0.000000000000000000e+00
9.200000000000001066e+00 1.000000000000000000e+00 0.000000000000000000e+00 0.000000000000000000e+00
9.300000000000000711e+00 1.000000000000000000e+00 0.000000000000000000e+00 0.000000000000000000e+00
9.400000000000000355e+00 1.000000000000000000e+00 0.000000000000000000e+00 0.000000000000000000e+00
9.500000000000000000e+00 1.000000000000000000e+00 0.000000000000000000e+00 0.000000000000000000e+00
9.600000000000001421e+00 1.000000000000000000e+00 0.000000000000000000e+00 0.000000000000000000e+00
9.700000000000001066e+00 1.000000000000000000e+00 0.000000000000000000e+00 0.000000000000000000e+00
9.800000000000000711e+00 1.000000000000000000e+00 0.000000000000000000e+00 0.000000000000000000e+00
