0.000000000000000000e+00 4.510869565217391353e-01 3.315217391304347561e-01 2.173913043478260809e-01
1.000000000000000056e-01 4.101382488479262678e-01 3.317972350230414813e-01 2.580645161290322509e-01
2.000000000000000111e-01 5.312500000000000000e-01 2.589285714285714524e-01 2.098214285714285754e-01
3.000000000000000444e-01 5.707317073170731225e-01 2.634146341463414753e-01 1.658536585365853744e-01
4.000000000000000222e-01 5.562500000000000222e-01 2.874999999999999778e-01 1.562500000000000000e-01
5.000000000000000000e-01 6.161616161616161325e-01 2.424242424242424310e-01 1.414141414141414088e-01
6.000000000000000888e-01 6.432160804020100597e-01 2.261306532663316660e-01 1.306532663316583021e-01
7.000000000000000666e-01 6.635071090047393039e-01 2.227488151658767734e-01 1.137440758293838811e-01
8.000000000000000444e-01 7.413793103448276245e-01 1.724137931034482873e-01 8.620689655172414367e-02
9.000000000000000222e-01 7.368421052631578538e-01 1.812865497076023291e-01 8.187134502923976154e-02
1.000000000000000000e+00 7.500000000000000000e-01 1.513157894736842091e-01 9.868421052631579093e-02
1.100000000000000089e+00 7.460317460317460458e-01 2.063492063492063378e-01 4.761904761904761640e-02
1.200000000000000178e+00 7.357142857142857650e-01 1.857142857142857206e-01 7.857142857142856984e-02
1.300000000000000044e+00 7.986577181208053267e-01 1.610738255033556943e-01 4.026845637583892357e-02
1.400000000000000133e+00 8.275862068965517127e-01 1.551724137931034531e-01 1.724137931034482735e-02
1.500000000000000000e+00 8.278688524590164244e-01 1.311475409836065642e-01 4.098360655737704611e-02
1.600000000000000089e+00 8.453608247422680355e-01 1.134020618556701027e-01 4.123711340206185488e-02
1.700000000000000178e+00 8.815789473684210176e-01 1.052631578947368363e-01 1.315789473684210453e-02
1.800000000000000044e+00 9.027777777777777901e-01 6.944444444444444753e-02 2.777777777777777624e-02
1.900000000000000133e+00 8.437500000000000000e-01 1.093750000000000000e-01 4.687500000000000000e-02
2.000000000000000000e+00 8.524590163934425702e-01 1.147540983606557402e-01 3.278688524590164105e-02
2.100000000000000089e+00 8.431372549019607865e-01 1.568627450980392135e-01 0.000000000000000000e+00
2.200000000000000178e+00 8.235294117647058432e-01 1.764705882352941291e-01 0.000000000000000000e+00
2.300000000000000266e+00 1.000000000000000000e+00 0.000000000000000000e+00 0.000000000000000000e+00
2.400000000000000355e+00 7.777777777777777901e-01 2.222222222222222099e-01 0.000000000000000000e+00
2.500000000000000000e+00 9.333333333333333481e-01 6.666666666666666574e-02 0.000000000000000000e+00
2.600000000000000089e+00 8.888888888888888395e-01 7.407407407407406996e-02 3.703703703703703498e-02
2.700000000000000178e+00 8.000000000000000444e-01 1.499999999999999944e-01 5.000000000000000278e-02
2.800000000000000266e+00 9.629629629629629095e-01 3.703703703703703498e-02 0.000000000000000000e+00
2.900000000000000355e+00 9.375000000000000000e-01 6.250000000000000000e-02 0.000000000000000000e+00
3.000000000000000000e+00 8.888888888888888395e-01 1.111111111111111049e-01 0.000000000000000000e+00
3.100000000000000089e+00 1.000000000000000000e+00 0.000000000000000000e+00 0.000000000000000000e+00
3.200000000000000178e+00 1.000000000000000000e+00 0.000000000000000000e+00 0.000000000000000000e+00
3.300000000000000266e+00 1.000000000000000000e+00 0.000000000000000000e+00 0.000000000000000000e+00
3.400000000000000355e+00 1.000000000000000000e+00 0.000000000000000000e+00 0.000000000000000000e+00
3.500000000000000000e+00 1.000000000000000000e+00 0.000000000000000000e+00 0.000000000000000000e+00
3.600000000000000089e+00 8.750000000000000000e-01 1.250000000000000000e-01 0.000000000000000000e+00
3.700000000000000178e+00 8.333333333333333703e-01 8.333333333333332871e-02 8.333333333333332871e-02
3.800000000000000266e+00 1.000000000000000000e+00 0.000000000000000000e+00 0.000000000000000000e+00
3.900000000000000355e+00 8.571428571428570953e-01 1.428571428571428492e-01 0.000000000000000000e+00
4.000000000000000000e+00 1.000000000000000000e+00 0.000000000000000000e+00 0.000000000000000000e+00
4.100000000000000533e+00 1.000000000000000000e+00 0.000000000000000000e+00 0.000000000000000000e+00
4.200000000000000178e+00 1.000000000000000000e+00 0.000000000000000000e+00 0.000000000000000000e+00
4.299999999999999822e+00 1.000000000000000000e+00 0.000000000000000000e+00 0.000000000000000000e+00
4.400000000000000355e+00 1.000000000000000000e+00 0.000000000000000000e+00 0.000000000000000000e+00
4.500000000000000000e+00 1.000000000000000000e+00 0.000000000000000000e+00 0.000000000000000000e+00
4.600000000000000533e+00 1.000000000000000000e+00 0.000000000000000000e+00 0.000000000000000000e+00
4.700000000000000178e+00 1.000000000000000000e+00 0.000000000000000000e+00 0.000000000000000000e+00
4.800000000000000711e+00 1.000000000000000000e+00 0.000000000000000000e+00 0.000000000000000000e+00
4.900000000000000355e+00 1.000000000000000000e+00 0.000000000000000000e+00 0.000000000000000000e+00
5.000000000000000000e+00 1.000000000000000000e+00 0.000000000000000000e+00 0.000000000000000000e+00
5.100000000000000533e+00 1.000000000000000000e+00 0.000000000000000000e+00 0.000000000000000000e+00
5.200000000000000178e+00 1.000000000000000000e+00 0.000000000000000000e+00 0.000000000000000000e+00
5.300000000000000711e+00 1.000000000000000000e+00 0.000000000000000000e+00 0.000000000000000000e+00
5.400000000000000355e+00 1.000000000000000000e+00 0.000000000000000000e+00 0.000000000000000000e+00
5.500000000000000000e+00 1.000000000000000000e+00 0.000000000000000000e+00 0.000000000000000000e+00
5.600000000000000533e+00 1.000000000000000000e+00 0.000000000000000000e+00 0.000000000000000000e+00
5.700000000000000178e+00 1.000000000000000000e+00 0.000000000000000000e+00 0.000000000000000000e+00
5.800000000000000711e+00 1.000000000000000000e+00 0.000000000000000000e+00 0.000000000000000000e+00
5.900000000000000355e+00 1.000000000000000000e+00 0.000000000000000000e+00 0.000000000000000000e+00
6.000000000000000000e+00 1.000000000000000000e+00 0.000000000000000000e+00 0.000000000000000000e+00
6.100000000000000533e+00 1.000000000000000000e+00 0.000000000000000000e+00 0.000000000000000000e+00
6.200000000000000178e+00 1.000000000000000000e+00 0.000000000000000000e+00 0.000000000000000000e+00
6.300000000000000711e+00 1.000000000000000000e+00 0.000000000000000000e+00 0.000000000000000000e+00
6.400000000000000355e+00 1.000000000000000000e+00 0.000000000000000000e+00 0.000000000000000000e+00
6.500000000000000000e+00 1.000000000000000000e+00 0.000000000000000000e+00 0.000000000000000000e+00
6.600000000000000533e+00 1.000000000000000000e+00 0.000000000000000000e+00 0.000000000000000000e+00
6.700000000000000178e+00 1.000000000000000000e+00 0.000000000000000000e+00 0.000000000000000000e+00
6.800000000000000711e+00 1.000000000000000000e+00 0.000000000000000000e+00 0.000000000000000000e+00
6.900000000000000355e+00 1.000000000000000000e+00 0.000000000000000000e+00 0.000000000000000000e+00
7.000000000000000000e+00 1.000000000000000000e+00 0.000000000000000000e+00 0.000000000000000000e+00
7.100000000000000533e+00 1.000000000000000000e+00 0.000000000000000000e+00 0.000000000000000000e+00
7.200000000000000178e+00 1.000000000000000000e+00 0.000000000000000000e+00 0.000000000000000000e+00
7.300000000000000711e+00 1.000000000000000000e+00 0.000000000000000000e+00 0.000000000000000000e+00
7.400000000000000355e+00 1.000000000000000000e+00 0.000000000000000000e+00 0.000000000000000000e+00
7.500000000000000000e+00 1.000000000000000000e+00 0.000000000000000000e+00 0.000000000000000000e+00
7.600000000000000533e+00 1.000000000000000000e+00 0.000000000000000000e+00 0.000000000000000000e+00
7.700000000000000178e+00 1.000000000000000000e+00 0.000000000000000000e+00 0.000000000000000000e+00
7.800000000000000711e+00 1.000000000000000000e+00 0.000000000000000000e+00 0.000000000000000000e+00
7.900000000000000355e+00 1.000000000000000000e+00 0.000000000000000000e+00 0.000000000000000000e+00
8.000000000000000000e+00 1.000000000000000000e+00 0.000000000000000000e+00 0.000000000000000000e+00
8.099999999999999645e+00 1.000000000000000000e+00 0.000000000000000000e+00 0.000000000000000000e+00
8.200000000000001066e+00 1.000000000000000000e+00 0.000000000000000000e+00 0.000000000000000000e+00
8.300000000000000711e+00 1.000000000000000000e+00 0.000000000000000000e+00 0.000000000000000000e+00
8.400000000000000355e+00 1.000000000000000000e+00 0.000000000000000000e+00 0.000000000000000000e+00
8.500000000000000000e+00 1.000000000000000000e+00 0.000000000000000000e+00 0.000000000000000000e+00
8.599999999999999645e+00 1.000000000000000000e+00 0.000000000000000000e+00 0.000000000000000000e+00
8.700000000000001066e+00 1.000000000000000000e+00 0.000000000000000000e+00 0.000000000000000000e+00
8.800000000000000711e+00 1.000000000000000000e+00 0.000000000000000000e+00 0.000000000000000000e+00
8.900000000000000355e+00 1.000000000000000000e+00 0.000000000000000000e+00 0.000000000000000000e+00
9.000000000000000000e+00 1.000000000000000000e+00 0.000000000000000000e+00 0.000000000000000000e+00
9.099999999999999645e+00 1.000000000000000000e+00 0.000000000000000000e+00 0.000000000000000000e+00
9.200000000000001066e+00 1.000000000000000000e+00 0.000000000000000000e+00 0.000000000000000000e+00
9.300000000000000711e+00 1.000000000000000000e+00 0.000000000000000000e+00 0.000000000000000000e+00
9.400000000000000355e+00 1.000000000000000000e+00 0.000000000000000000e+00 0.000000000000000000e+00
9.500000000000000000e+00 1.000000000000000000e+00 0.000000000000000000e+00 0.000000000000000000e+00
9.600000000000001421e+00 1.000000000000000000e+00 0.000000000000000000e+00 0.000000000000000000e+00
9.700000000000001066e+00 1.000000000000000000e+00 0.000000000000000000e+00 0.000000000000000000e+00
9.800000000000000711e+00 1.000000000000000000e+00 0.000000000000000000e+00 0.000000000000000000e+00
