0.000000000000000000e+00 3.375796178343948850e-01 3.566878980891719508e-01 3.057324840764331086e-01
1.000000000000000056e-01 3.333333333333333148e-01 3.278688524590163689e-01 3.387978142076502608e-01
2.000000000000000111e-01 3.522012578616351974e-01 3.396226415094339424e-01 3.081761006289308047e-01
3.000000000000000444e-01 4.489795918367346927e-01 3.061224489795918435e-01 2.448979591836734637e-01
4.000000000000000222e-01 4.615384615384615641e-01 3.153846153846153744e-01 2.230769230769230893e-01
5.000000000000000000e-01 5.229357798165137350e-01 2.660550458715596478e-01 2.110091743119266172e-01
6.000000000000000888e-01 5.000000000000000000e-01 3.076923076923077094e-01 1.923076923076923184e-01
7.000000000000000666e-01 5.563909774436089917e-01 3.082706766917293062e-01 1.353383458646616466e-01
8.000000000000000444e-01 6.493506493506493449e-01 2.077922077922078059e-01 1.428571428571428492e-01
9.000000000000000222e-01 6.428571428571429047e-01 1.875000000000000000e-01 1.696428571428571508e-01
1.000000000000000000e+00 5.855855855855855996e-01 2.162162162162162282e-01 1.981981981981981999e-01
1.100000000000000089e+00 7.076923076923077316e-01 1.384615384615384692e-01 1.538461538461538547e-01
1.200000000000000178e+00 6.451612903225806273e-01 2.365591397849462485e-01 1.182795698924731242e-01
1.300000000000000044e+00 6.705882352941175961e-01 2.470588235294117752e-01 8.235294117647058709e-02
1.400000000000000133e+00 7.454545454545454808e-01 1.636363636363636354e-01 9.090909090909091161e-02
1.500000000000000000e+00 7.857142857142856984e-01 1.428571428571428492e-01 7.142857142857142461e-02
1.600000000000000089e+00 6.410256410256410797e-01 2.564102564102563875e-01 1.025641025641025605e-01
1.700000000000000178e+00 7.222222222222222099e-01 1.666666666666666574e-01 1.111111111111111049e-01
1.800000000000000044e+00 6.857142857142857206e-01 1.714285714285714302e-01 1.428571428571428492e-01
1.900000000000000133e+00 7.096774193548387455e-01 1.612903225806451568e-01 1.290322580645161255e-01
2.000000000000000000e+00 8.620689655172413257e-01 1.034482758620689641e-01 3.448275862068965469e-02
2.100000000000000089e+00 9.523809523809523281e-01 4.761904761904761640e-02 0.000000000000000000e+00
2.200000000000000178e+00 8.333333333333333703e-01 8.333333333333332871e-02 8.333333333333332871e-02
2.300000000000000266e+00 8.695652173913043237e-01 8.695652173913043237e-02 4.347826086956521618e-02
2.400000000000000355e+00 8.461538461538461453e-01 1.538461538461538547e-01 0.000000000000000000e+00
2.500000000000000000e+00 8.888888888888888395e-01 0.000000000000000000e+00 1.111111111111111049e-01
2.600000000000000089e+00 9.166666666666666297e-01 8.333333333333332871e-02 0.000000000000000000e+00
2.700000000000000178e+00 9.333333333333333481e-01 6.666666666666666574e-02 0.000000000000000000e+00
2.800000000000000266e+00 8.571428571428570953e-01 1.428571428571428492e-01 0.000000000000000000e+00
2.900000000000000355e+00 1.000000000000000000e+00 0.000000000000000000e+00 0.000000000000000000e+00
3.000000000000000000e+00 1.000000000000000000e+00 0.000000000000000000e+00 0.000000000000000000e+00
3.100000000000000089e+00 9.090909090909090606e-01 9.090909090909091161e-02 0.000000000000000000e+00
3.200000000000000178e+00 9.090909090909090606e-01 0.000000000000000000e+00 9.090909090909091161e-02
3.300000000000000266e+00 1.000000000000000000e+00 0.000000000000000000e+00 0.000000000000000000e+00
3.400000000000000355e+00 1.000000000000000000e+00 0.000000000000000000e+00 0.000000000000000000e+00
3.500000000000000000e+00 8.571428571428570953e-01 1.428571428571428492e-01 0.000000000000000000e+00
3.600000000000000089e+00 7.500000000000000000e-01 2.500000000000000000e-01 0.000000000000000000e+00
3.700000000000000178e+00 7.142857142857143016e-01 1.428571428571428492e-01 1.428571428571428492e-01
3.800000000000000266e+00 8.571428571428570953e-01 0.000000000000000000e+00 1.428571428571428492e-01
3.900000000000000355e+00 1.000000000000000000e+00 0.000000000000000000e+00 0.000000000000000000e+00
4.000000000000000000e+00 8.888888888888888395e-01 0.000000000000000000e+00 1.111111111111111049e-01
4.100000000000000533e+00 1.000000000000000000e+00 0.000000000000000000e+00 0.000000000000000000e+00
4.200000000000000178e+00 1.000000000000000000e+00 0.000000000000000000e+00 0.000000000000000000e+00
4.299999999999999822e+00 1.000000000000000000e+00 0.000000000000000000e+00 0.000000000000000000e+00
4.400000000000000355e+00 7.500000000000000000e-01 2.500000000000000000e-01 0.000000000000000000e+00
4.500000000000000000e+00 1.000000000000000000e+00 0.000000000000000000e+00 0.000000000000000000e+00
4.600000000000000533e+00 1.000000000000000000e+00 0.000000000000000000e+00 0.000000000000000000e+00
4.700000000000000178e+00 1.000000000000000000e+00 0.000000000000000000e+00 0.000000000000000000e+00
4.800000000000000711e+00 1.000000000000000000e+00 0.000000000000000000e+00 0.000000000000000000e+00
4.900000000000000355e+00 1.000000000000000000e+00 0.000000000000000000e+00 0.000000000000000000e+00
5.000000000000000000e+00 1.000000000000000000e+00 0.000000000000000000e+00 0.000000000000000000e+00
5.100000000000000533e+00 1.000000000000000000e+00 0.000000000000000000e+00 0.000000000000000000e+00
5.200000000000000178e+00 1.000000000000000000e+00 0.000000000000000000e+00 0.000000000000000000e+00
5.300000000000000711e+00 1.000000000000000000e+00 0.000000000000000000e+00 0.000000000000000000e+00
5.400000000000000355e+00 1.000000000000000000e+00 0.000000000000000000e+00 0.000000000000000000e+00
5.500000000000000000e+00 1.000000000000000000e+00 0.000000000000000000e+00 0.000000000000000000e+00
5.600000000000000533e+00 1.000000000000000000e+00 0.000000000000000000e+00 0.000000000000000000e+00
5.700000000000000178e+00 1.000000000000000000e+00 0.000000000000000000e+00 0.000000000000000000e+00
5.800000000000000711e+00 1.000000000000000000e+00 0.000000000000000000e+00 0.000000000000000000e+00
5.900000000000000355e+00 1.000000000000000000e+00 0.000000000000000000e+00 0.000000000000000000e+00
6.000000000000000000e+00 1.000000000000000000e+00 0.000000000000000000e+00 0.000000000000000000e+00
6.100000000000000533e+00 1.000000000000000000e+00 0.000000000000000000e+00 0.000000000000000000e+00
6.200000000000000178e+00 1.000000000000000000e+00 0.000000000000000000e+00 0.000000000000000000e+00
6.300000000000000711e+00 1.000000000000000000e+00 0.000000000000000000e+00 0.000000000000000000e+00
6.400000000000000355e+00 1.000000000000000000e+00 0.000000000000000000e+00 0.000000000000000000e+00
6.500000000000000000e+00 1.000000000000000000e+00 0.000000000000000000e+00 0.000000000000000000e+00
6.600000000000000533e+00 1.000000000000000000e+00 0.000000000000000000e+00 0.000000000000000000e+00
6.700000000000000178e+00 1.000000000000000000e+00 0.000000000000000000e+00 0.000000000000000000e+00
6.800000000000000711e+00 1.000000000000000000e+00 0.000000000000000000e+00 0.000000000000000000e+00
6.900000000000000355e+00 1.000000000000000000e+00 0.000000000000000000e+00 0.000000000000000000e+00
7.000000000000000000e+00 1.000000000000000000e+00 0.000000000000000000e+00 0.000000000000000000e+00
7.100000000000000533e+00 1.000000000000000000e+00 0.000000000000000000e+00 0.000000000000000000e+00
7.200000000000000178e+00 1.000000000000000000e+00 0.000000000000000000e+00 0.000000000000000000e+00
7.300000000000000711e+00 1.000000000000000000e+00 0.000000000000000000e+00 0.000000000000000000e+00
7.400000000000000355e+00 1.000000000000000000e+00 0.000000000000000000e+00 0.000000000000000000e+00
7.500000000000000000e+00 1.000000000000000000e+00 0.000000000000000000e+00 0.000000000000000000e+00
7.600000000000000533e+00 1.000000000000000000e+00 0.000000000000000000e+00 0.000000000000000000e+00
7.700000000000000178e+00 1.000000000000000000e+00 0.000000000000000000e+00 0.000000000000000000e+00
7.800000000000000711e+00 1.000000000000000000e+00 0.000000000000000000e+00 0.000000000000000000e+00
7.900000000000000355e+00 1.000000000000000000e+00 0.000000000000000000e+00 0.000000000000000000e+00
8.000000000000000000e+00 1.000000000000000000e+00 0.000000000000000000e+00 0.000000000000000000e+00
8.099999999999999645e+00 1.000000000000000000e+00 0.000000000000000000e+00 0.000000000000000000e+00
8.200000000000001066e+00 1.000000000000000000e+00 0.000000000000000000e+00 0.000000000000000000e+00
8.300000000000000711e+00 1.000000000000000000e+00 0.000000000000000000e+00 0.000000000000000000e+00
8.400000000000000355e+00 1.000000000000000000e+00 0.000000000000000000e+00 0.000000000000000000e+00
8.500000000000000000e+00 1.000000000000000000e+00 0.000000000000000000e+00 0.000000000000000000e+00
8.599999999999999645e+00 1.000000000000000000e+00 0.000000000000000000e+00 0.000000000000000000e+00
8.700000000000001066e+00 1.000000000000000000e+00 0.000000000000000000e+00 0.000000000000000000e+00
8.800000000000000711e+00 1.000000000000000000e+00 0.000000000000000000e+00 0.000000000000000000e+00
8.900000000000000355e+00 1.000000000000000000e+00 0.000000000000000000e+00 0.000000000000000000e+00
9.000000000000000000e+00 1.000000000000000000e+00 0.000000000000000000e+00 0.000000000000000000e+00
9.099999999999999645e+00 1.000000000000000000e+00 0.000000000000000000e+00 0.000000000000000000e+00
9.200000000000001066e+00 1.000000000000000000e+00 0.000000000000000000e+00 0.000000000000000000e+00
9.300000000000000711e+00 1.000000000000000000e+00 0.000000000000000000e+00 0.000000000000000000e+00
9.400000000000000355e+00 1.000000000000000000e+00 0.000000000000000000e+00 0.000000000000000000e+00
9.500000000000000000e+00 1.000000000000000000e+00 0.000000000000000000e+00 0.000000000000000000e+00
9.600000000000001421e+00 1.000000000000000000e+00 0.000000000000000000e+00 0.000000000000000000e+00
9.700000000000001066e+00 1.000000000000000000e+00 0.000000000000000000e+00 0.000000000000000000e+00
9.800000000000000711e+00 1.000000000000000000e+00 0.000000000000000000e+00 0.000000000000000000e+00
