0.000000000000000000e+00 2.695652173913043459e-01 3.304347826086956319e-01 4.000000000000000222e-01
1.000000000000000056e-01 2.481203007518796855e-01 2.857142857142856984e-01 4.661654135338345606e-01
2.000000000000000111e-01 2.258064516129032195e-01 2.903225806451613100e-01 4.838709677419354982e-01
3.000000000000000444e-01 2.323232323232323204e-01 3.232323232323232598e-01 4.444444444444444198e-01
4.000000000000000222e-01 4.404761904761904656e-01 2.976190476190476164e-01 2.619047619047619180e-01
5.000000000000000000e-01 3.870967741935483764e-01 3.548387096774193727e-01 2.580645161290322509e-01
6.000000000000000888e-01 4.333333333333333481e-01 2.777777777777777901e-01 2.888888888888888618e-01
7.000000000000000666e-01 4.186046511627907196e-01 2.906976744186046679e-01 2.906976744186046679e-01
8.000000000000000444e-01 5.189873417721518889e-01 2.658227848101265556e-01 2.151898734177215278e-01
9.000000000000000222e-01 4.833333333333333370e-01 2.500000000000000000e-01 2.666666666666666630e-01
1.000000000000000000e+00 4.558823529411764608e-01 2.941176470588235392e-01 2.500000000000000000e-01
1.100000000000000089e+00 4.406779661016949068e-01 2.711864406779661008e-01 2.881355932203389925e-01
1.200000000000000178e+00 5.416666666666666297e-01 3.333333333333333148e-01 1.250000000000000000e-01
1.300000000000000044e+00 5.517241379310344751e-01 2.068965517241379282e-01 2.413793103448275967e-01
1.400000000000000133e+00 5.945945945945946276e-01 2.432432432432432567e-01 1.621621621621621712e-01
1.500000000000000000e+00 6.562500000000000000e-01 2.187500000000000000e-01 1.250000000000000000e-01
1.600000000000000089e+00 6.785714285714286031e-01 2.857142857142856984e-01 3.571428571428571230e-02
1.700000000000000178e+00 4.864864864864865135e-01 2.432432432432432567e-01 2.702702702702702853e-01
1.800000000000000044e+00 5.277777777777777901e-01 2.777777777777777901e-01 1.944444444444444475e-01
1.900000000000000133e+00 5.675675675675675436e-01 3.783783783783783994e-01 5.405405405405405705e-02
2.000000000000000000e+00 5.925925925925925597e-01 3.333333333333333148e-01 7.407407407407406996e-02
2.100000000000000089e+00 7.391304347826086474e-01 2.173913043478260809e-01 4.347826086956521618e-02
2.200000000000000178e+00 7.142857142857143016e-01 1.428571428571428492e-01 1.428571428571428492e-01
2.300000000000000266e+00 8.000000000000000444e-01 2.000000000000000111e-01 0.000000000000000000e+00
2.400000000000000355e+00 7.647058823529411242e-01 1.764705882352941291e-01 5.882352941176470507e-02
2.500000000000000000e+00 8.571428571428570953e-01 7.142857142857142461e-02 7.142857142857142461e-02
2.600000000000000089e+00 9.166666666666666297e-01 0.000000000000000000e+00 8.333333333333332871e-02
2.700000000000000178e+00 7.500000000000000000e-01 2.500000000000000000e-01 0.000000000000000000e+00
2.800000000000000266e+00 6.666666666666666297e-01 0.000000000000000000e+00 3.333333333333333148e-01
2.900000000000000355e+00 9.090909090909090606e-01 9.090909090909091161e-02 0.000000000000000000e+00
3.000000000000000000e+00 1.000000000000000000e+00 0.000000000000000000e+00 0.000000000000000000e+00
3.100000000000000089e+00 1.000000000000000000e+00 0.000000000000000000e+00 0.000000000000000000e+00
3.200000000000000178e+00 8.333333333333333703e-01 1.666666666666666574e-01 0.000000000000000000e+00
3.300000000000000266e+00 8.571428571428570953e-01 1.428571428571428492e-01 0.000000000000000000e+00
3.400000000000000355e+00 5.999999999999999778e-01 2.000000000000000111e-01 2.000000000000000111e-01
3.500000000000000000e+00 7.272727272727272929e-01 1.818181818181818232e-01 9.090909090909091161e-02
3.600000000000000089e+00 5.000000000000000000e-01 0.000000000000000000e+00 5.000000000000000000e-01
3.700000000000000178e+00 1.000000000000000000e+00 0.000000000000000000e+00 0.000000000000000000e+00
3.800000000000000266e+00 1.000000000000000000e+00 0.000000000000000000e+00 0.000000000000000000e+00
3.900000000000000355e+00 1.000000000000000000e+00 0.000000000000000000e+00 0.000000000000000000e+00
4.000000000000000000e+00 1.000000000000000000e+00 0.000000000000000000e+00 0.000000000000000000e+00
4.100000000000000533e+00 1.000000000000000000e+00 0.000000000000000000e+00 0.000000000000000000e+00
4.200000000000000178e+00 1.000000000000000000e+00 0.000000000000000000e+00 0.000000000000000000e+00
4.299999999999999822e+00 1.000000000000000000e+00 0.000000000000000000e+00 0.000000000000000000e+00
4.400000000000000355e+00 1.000000000000000000e+00 0.000000000000000000e+00 0.000000000000000000e+00
4.500000000000000000e+00 1.000000000000000000e+00 0.000000000000000000e+00 0.000000000000000000e+00
4.600000000000000533e+00 1.000000000000000000e+00 0.000000000000000000e+00 0.000000000000000000e+00
4.700000000000000178e+00 1.000000000000000000e+00 0.000000000000000000e+00 0.000000000000000000e+00
4.800000000000000711e+00 1.000000000000000000e+00 0.000000000000000000e+00 0.000000000000000000e+00
4.900000000000000355e+00 1.000000000000000000e+00 0.000000000000000000e+00 0.000000000000000000e+00
5.000000000000000000e+00 1.000000000000000000e+00 0.000000000000000000e+00 0.000000000000000000e+00
5.100000000000000533e+00 1.000000000000000000e+00 0.000000000000000000e+00 0.000000000000000000e+00
5.200000000000000178e+00 1.000000000000000000e+00 0.000000000000000000e+00 0.000000000000000000e+00
5.300000000000000711e+00 1.000000000000000000e+00 0.000000000000000000e+00 0.000000000000000000e+00
5.400000000000000355e+00 1.000000000000000000e+00 0.000000000000000000e+00 0.000000000000000000e+00
5.500000000000000000e+00 1.000000000000000000e+00 0.000000000000000000e+00 0.000000000000000000e+00
5.600000000000000533e+00 1.000000000000000000e+00 0.000000000000000000e+00 0.000000000000000000e+00
5.700000000000000178e+00 1.000000000000000000e+00 0.000000000000000000e+00 0.000000000000000000e+00
5.800000000000000711e+00 1.000000000000000000e+00 0.000000000000000000e+00 0.000000000000000000e+00
5.900000000000000355e+00 1.000000000000000000e+00 0.000000000000000000e+00 0.000000000000000000e+00
6.000000000000000000e+00 1.000000000000000000e+00 0.000000000000000000e+00 0.000000000000000000e+00
6.100000000000000533e+00 1.000000000000000000e+00 0.000000000000000000e+00 0.000000000000000000e+00
6.200000000000000178e+00 1.000000000000000000e+00 0.000000000000000000e+00 0.000000000000000000e+00
6.300000000000000711e+00 1.000000000000000000e+00 0.000000000000000000e+00 0.000000000000000000e+00
6.400000000000000355e+00 1.000000000000000000e+00 0.000000000000000000e+00 0.000000000000000000e+00
6.500000000000000000e+00 1.000000000000000000e+00 0.000000000000000000e+00 0.000000000000000000e+00
6.600000000000000533e+00 1.000000000000000000e+00 0.000000000000000000e+00 0.000000000000000000e+00
6.700000000000000178e+00 1.000000000000000000e+00 0.000000000000000000e+00 0.000000000000000000e+00
6.800000000000000711e+00 1.000000000000000000e+00 0.000000000000000000e+00 0.000000000000000000e+00
6.900000000000000355e+00 1.000000000000000000e+00 0.000000000000000000e+00 0.000000000000000000e+00
7.000000000000000000e+00 1.000000000000000000e+00 0.000000000000000000e+00 0.000000000000000000e+00
7.100000000000000533e+00 1.000000000000000000e+00 0.000000000000000000e+00 0.000000000000000000e+00
7.200000000000000178e+00 1.000000000000000000e+00 0.000000000000000000e+00 0.000000000000000000e+00
7.300000000000000711e+00 1.000000000000000000e+00 0.000000000000000000e+00 0.000000000000000000e+00
7.400000000000000355e+00 1.000000000000000000e+00 0.000000000000000000e+00 0.000000000000000000e+00
7.500000000000000000e+00 1.000000000000000000e+00 0.000000000000000000e+00 0.000000000000000000e+00
7.600000000000000533e+00 1.000000000000000000e+00 0.000000000000000000e+00 0.000000000000000000e+00
7.700000000000000178e+00 1.000000000000000000e+00 0.000000000000000000e+00 0.000000000000000000e+00
7.800000000000000711e+00 1.000000000000000000e+00 0.000000000000000000e+00 0.000000000000000000e+00
7.900000000000000355e+00 1.000000000000000000e+00 0.000000000000000000e+00 0.000000000000000000e+00
8.000000000000000000e+00 1.000000000000000000e+00 0.000000000000000000e+00 0.000000000000000000e+00
8.099999999999999645e+00 1.000000000000000000e+00 0.000000000000000000e+00 0.000000000000000000e+00
8.200000000000001066e+00 1.000000000000000000e+00 0.000000000000000000e+00 0.000000000000000000e+00
8.300000000000000711e+00 1.000000000000000000e+00 0.000000000000000000e+00 0.000000000000000000e+00
8.400000000000000355e+00 1.000000000000000000e+00 0.000000000000000000e+00 0.000000000000000000e+00
8.500000000000000000e+00 1.000000000000000000e+00 0.000000000000000000e+00 0.000000000000000000e+00
8.599999999999999645e+00 1.000000000000000000e+00 0.000000000000000000e+00 0.000000000000000000e+00
8.700000000000001066e+00 1.000000000000000000e+00 0.000000000000000000e+00 0.000000000000000000e+00
8.800000000000000711e+00 1.000000000000000000e+00 0.000000000000000000e+00 0.000000000000000000e+00
8.900000000000000355e+00 1.000000000000000000e+00 0.000000000000000000e+00 0.000000000000000000e+00
9.000000000000000000e+00 1.000000000000000000e+00 0.000000000000000000e+00 0.000000000000000000e+00
9.099999999999999645e+00 1.000000000000000000e+00 0.000000000000000000e+00 0.000000000000000000e+00
9.200000000000001066e+00 1.000000000000000000e+00 0.000000000000000000e+00 0.000000000000000000e+00
9.300000000000000711e+00 1.000000000000000000e+00 0.000000000000000000e+00 0.000000000000000000e+00
9.400000000000000355e+00 1.000000000000000000e+00 0.000000000000000000e+00 0.000000000000000000e+00
9.500000000000000000e+00 1.000000000000000000e+00 0.000000000000000000e+00 0.000000000000000000e+00
9.600000000000001421e+00 1.000000000000000000e+00 0.000000000000000000e+00 0.000000000000000000e+00
9.700000000000001066e+00 1.000000000000000000e+00 0.000000000000000000e+00 0.000000000000000000e+00
9.800000000000000711e+00 1.000000000000000000e+00 0.000000000000000000e+00 0.000000000000000000e+00
